3,2
3,1
3,3
10,272
10,202
10,18
10,120
10,266
10,206
8,11
8,5
55,3
55,2
55,1
55,0
28,3
28,1
20,3
20,2
20,1
19,3
19,2
19,1
17,3
18,1
17,2
18,3
17,1
16,3
16,2
16,1
15,3
15,2
15,1
14,3
14,2
14,1
13,3
13,2
13,1
12,3
12,2
12,1
11,30
11,29
11,28
11,27
11,26
11,25
11,24
11,23
11,22
11,21
11,20
11,19
11,18
11,17
2,2
2,1
2,3
11,16
11,15
11,14
11,13
11,12
11,11
11,10
11,9
11,8
11,7
11,6
11,5
11,4
11,3
11,2
11,1
10,317
10,315
10,301
10,300
10,296
10,293
10,290
10,289
10,287
10,286
10,284
10,282
10,275
10,274
10,273
10,270
10,269
10,268
10,198
10,108
10,86
